# relative_time, cycles_done, cur_item, corpus_count, pending_total, pending_favs, map_size, saved_crashes, saved_hangs, max_depth, execs_per_sec, total_execs, edges_found
62, 0, 76, 129, 113, 0, 0.00%, 17, 21, 5, 436.37, 26143, 161
67, 0, 104, 136, 119, 0, 0.00%, 18, 21, 5, 503.64, 28744, 161
72, 0, 112, 136, 119, 0, 0.00%, 18, 21, 5, 572.33, 31869, 161
77, 0, 113, 136, 119, 0, 0.00%, 18, 22, 5, 756.23, 33500, 161
83, 0, 112, 137, 120, 0, 0.00%, 18, 23, 5, 475.00, 35753, 161
88, 0, 90, 139, 121, 0, 0.00%, 21, 23, 5, 458.43, 38172, 162
93, 0, 112, 139, 121, 0, 0.00%, 21, 23, 5, 373.84, 39897, 162
99, 0, 138, 141, 123, 0, 0.00%, 22, 24, 5, 32.46, 42382, 162
104, 0, 112, 141, 123, 0, 0.00%, 22, 24, 5, 721.94, 44635, 162
109, 0, 113, 143, 125, 0, 0.00%, 22, 24, 5, 286.07, 47026, 162
114, 0, 112, 143, 125, 0, 0.00%, 22, 24, 5, 455.36, 49399, 162
119, 0, 113, 143, 125, 0, 0.00%, 23, 24, 5, 477.98, 51837, 162
124, 0, 112, 143, 125, 0, 0.00%, 23, 24, 5, 770.82, 54324, 162
129, 0, 131, 143, 125, 0, 0.00%, 23, 24, 5, 622.53, 57131, 162
134, 0, 112, 143, 125, 0, 0.00%, 23, 24, 5, 821.81, 59837, 162
139, 0, 112, 143, 125, 0, 0.00%, 23, 24, 5, 520.40, 62191, 162
144, 0, 81, 143, 125, 0, 0.00%, 23, 25, 5, 505.50, 64397, 162
150, 0, 112, 144, 126, 0, 0.00%, 23, 25, 5, 55.87, 66037, 162
155, 0, 112, 144, 126, 0, 0.00%, 23, 25, 5, 219.99, 67872, 162
160, 0, 138, 145, 127, 0, 0.00%, 23, 25, 5, 381.04, 69992, 162
165, 0, 114, 145, 127, 0, 0.00%, 23, 25, 5, 359.12, 71828, 162
170, 0, 112, 145, 127, 0, 0.00%, 23, 25, 5, 360.80, 73745, 162
175, 0, 112, 146, 128, 0, 0.00%, 23, 25, 5, 551.90, 76266, 162
180, 0, 138, 146, 128, 0, 0.00%, 23, 25, 5, 539.16, 78818, 162
185, 1, 56, 146, 128, 0, 0.00%, 23, 25, 5, 505.05, 81111, 162
187, 1, 13, 146, 127, 0, 0.00%, 23, 25, 5, 588.25, 82466, 162
