# relative_time, cycles_done, cur_item, corpus_count, pending_total, pending_favs, map_size, saved_crashes, saved_hangs, max_depth, execs_per_sec, total_execs, edges_found
62, 0, 1, 64, 63, 0, 0.00%, 0, 12, 2, 85.01, 4598, 78
67, 0, 1, 67, 66, 0, 0.00%, 0, 12, 2, 85.34, 5031, 78
72, 0, 1, 67, 66, 0, 0.00%, 0, 12, 2, 83.08, 5451, 78
77, 0, 1, 67, 66, 0, 0.00%, 0, 12, 2, 86.89, 5891, 78
82, 0, 1, 69, 68, 0, 0.00%, 0, 12, 2, 86.10, 6324, 78
87, 0, 1, 69, 68, 0, 0.00%, 0, 12, 2, 83.31, 6754, 78
92, 0, 1, 71, 70, 0, 0.00%, 0, 12, 2, 83.40, 7166, 78
98, 0, 1, 71, 70, 0, 0.00%, 0, 12, 2, 80.68, 7576, 78
103, 0, 1, 71, 70, 0, 0.00%, 0, 12, 2, 89.43, 8036, 78
108, 0, 1, 71, 70, 0, 0.00%, 0, 12, 2, 83.10, 8431, 78
113, 0, 1, 72, 71, 0, 0.00%, 0, 12, 2, 81.64, 8852, 78
118, 0, 1, 73, 72, 0, 0.00%, 0, 12, 2, 86.17, 9297, 78
123, 0, 1, 73, 72, 0, 0.00%, 0, 12, 2, 85.91, 9743, 78
128, 0, 1, 73, 72, 0, 0.00%, 0, 12, 2, 83.57, 10163, 78
133, 0, 1, 73, 72, 0, 0.00%, 0, 12, 2, 80.66, 10577, 78
138, 0, 1, 73, 72, 0, 0.00%, 0, 12, 2, 84.55, 11000, 78
143, 0, 1, 73, 72, 0, 0.00%, 0, 12, 2, 90.50, 11453, 78
148, 0, 1, 73, 72, 0, 0.00%, 0, 12, 2, 85.64, 11886, 78
153, 0, 1, 73, 72, 0, 0.00%, 0, 12, 2, 81.02, 12282, 78
158, 0, 1, 73, 72, 0, 0.00%, 0, 12, 2, 89.08, 12746, 78
163, 0, 1, 73, 72, 0, 0.00%, 0, 12, 2, 82.29, 13149, 78
169, 0, 1, 73, 72, 0, 0.00%, 0, 12, 2, 60.26, 13458, 78
174, 0, 17, 73, 71, 5, 0.00%, 0, 12, 2, 56.10, 13753, 78
179, 0, 55, 73, 70, 4, 0.00%, 0, 12, 2, 54.96, 14036, 78
184, 0, 7, 73, 69, 2, 0.00%, 0, 12, 2, 60.00, 14350, 78
189, 0, 45, 75, 70, 1, 0.00%, 0, 12, 3, 109.37, 14964, 78
194, 0, 55, 75, 69, 0, 0.00%, 0, 12, 3, 71.53, 15281, 78
199, 0, 17, 75, 69, 0, 0.00%, 0, 12, 3, 56.42, 15544, 78
204, 0, 45, 77, 71, 0, 0.00%, 0, 12, 3, 84.38, 15957, 78
209, 0, 45, 79, 73, 0, 0.00%, 0, 12, 3, 100.72, 16504, 78
214, 0, 45, 80, 74, 0, 0.00%, 0, 12, 3, 99.82, 17033, 78
220, 0, 45, 80, 74, 0, 0.00%, 0, 12, 3, 103.49, 17585, 78
225, 0, 45, 82, 76, 0, 0.00%, 0, 12, 3, 116.47, 18201, 78
230, 0, 45, 82, 76, 0, 0.00%, 0, 12, 3, 109.13, 18747, 78
235, 0, 45, 83, 77, 0, 0.00%, 0, 12, 3, 108.41, 19302, 78
240, 0, 45, 84, 78, 0, 0.00%, 0, 12, 3, 104.42, 19859, 78
245, 0, 45, 84, 78, 0, 0.00%, 0, 12, 3, 107.48, 20413, 78
250, 0, 45, 84, 78, 0, 0.00%, 0, 12, 3, 115.65, 21007, 78
255, 0, 45, 84, 78, 0, 0.00%, 0, 12, 3, 104.72, 21519, 78
260, 0, 45, 84, 78, 0, 0.00%, 0, 12, 3, 109.50, 22071, 78
266, 0, 45, 84, 78, 0, 0.00%, 0, 12, 3, 102.00, 22587, 78
271, 0, 45, 84, 78, 0, 0.00%, 0, 12, 3, 99.61, 23102, 78
276, 0, 45, 84, 78, 0, 0.00%, 0, 12, 3, 112.38, 23667, 78
281, 0, 45, 84, 78, 0, 0.00%, 0, 12, 3, 100.24, 24169, 78
286, 0, 45, 84, 78, 0, 0.00%, 0, 12, 3, 97.03, 24680, 78
291, 0, 45, 84, 78, 0, 0.00%, 0, 12, 3, 102.15, 25181, 78
296, 0, 45, 84, 78, 0, 0.00%, 0, 12, 3, 114.86, 25793, 78
301, 0, 45, 84, 78, 0, 0.00%, 0, 12, 3, 114.10, 26345, 78
306, 0, 45, 84, 78, 0, 0.00%, 0, 12, 3, 108.26, 26897, 78
311, 0, 45, 84, 78, 0, 0.00%, 0, 12, 3, 113.51, 27469, 78
317, 0, 45, 84, 78, 0, 0.00%, 0, 12, 3, 115.52, 28063, 78
322, 0, 45, 84, 78, 0, 0.00%, 0, 12, 3, 93.34, 28555, 78
327, 0, 47, 84, 78, 0, 0.00%, 0, 12, 3, 64.04, 28824, 78
332, 0, 26, 84, 78, 0, 0.00%, 0, 12, 3, 49.25, 29050, 78
337, 0, 47, 84, 77, 0, 0.00%, 0, 12, 3, 61.49, 29350, 78
342, 0, 3, 84, 77, 0, 0.00%, 0, 12, 3, 61.21, 29651, 78
347, 0, 47, 84, 76, 0, 0.00%, 0, 12, 3, 63.48, 29951, 78
352, 0, 55, 84, 76, 0, 0.00%, 0, 12, 3, 57.96, 30229, 78
357, 0, 17, 84, 76, 0, 0.00%, 0, 12, 3, 53.73, 30483, 78
362, 0, 17, 84, 76, 0, 0.00%, 0, 12, 3, 48.39, 30717, 78
368, 0, 55, 84, 76, 0, 0.00%, 0, 12, 3, 264.05, 31012, 78
373, 0, 17, 84, 76, 0, 0.00%, 0, 12, 3, 46.54, 31249, 78
378, 0, 47, 84, 76, 0, 0.00%, 0, 12, 3, 52.65, 31503, 78
383, 0, 55, 86, 78, 0, 0.00%, 0, 12, 3, 73.62, 31922, 78
388, 0, 17, 86, 78, 0, 0.00%, 0, 12, 3, 62.95, 32199, 78
393, 0, 47, 86, 78, 0, 0.00%, 0, 12, 3, 60.76, 32471, 78
398, 0, 46, 87, 79, 0, 0.00%, 0, 12, 3, 78.57, 32836, 78
403, 0, 17, 87, 78, 0, 0.00%, 0, 12, 3, 61.82, 33107, 78
408, 0, 55, 87, 78, 0, 0.00%, 0, 12, 3, 60.89, 33383, 78
413, 0, 45, 87, 78, 0, 0.00%, 0, 12, 3, 65.84, 33683, 78
418, 0, 47, 87, 78, 0, 0.00%, 0, 12, 3, 63.72, 33991, 78
424, 0, 17, 87, 78, 0, 0.00%, 0, 12, 3, 53.00, 34248, 78
429, 0, 17, 87, 78, 0, 0.00%, 0, 12, 3, 53.98, 34508, 78
434, 0, 47, 87, 78, 0, 0.00%, 0, 12, 3, 45.58, 34817, 78
439, 0, 7, 87, 78, 0, 0.00%, 0, 12, 3, 42.55, 35123, 78
444, 0, 17, 87, 78, 0, 0.00%, 0, 12, 3, 48.65, 35375, 78
449, 0, 7, 87, 78, 0, 0.00%, 0, 12, 3, 60.65, 35690, 78
454, 0, 17, 87, 78, 0, 0.00%, 0, 12, 3, 55.39, 35964, 78
459, 0, 7, 87, 78, 0, 0.00%, 0, 12, 3, 44.51, 36272, 78
464, 0, 17, 87, 78, 0, 0.00%, 0, 12, 3, 46.51, 36510, 78
470, 0, 45, 87, 78, 0, 0.00%, 0, 12, 3, 48.28, 36814, 78
475, 0, 55, 87, 78, 0, 0.00%, 0, 12, 3, 57.38, 37115, 78
480, 0, 17, 87, 78, 0, 0.00%, 0, 12, 3, 51.88, 37382, 78
485, 0, 45, 87, 78, 0, 0.00%, 0, 12, 3, 56.35, 37679, 78
490, 0, 17, 87, 78, 0, 0.00%, 0, 12, 3, 49.13, 37917, 78
495, 0, 7, 87, 78, 0, 0.00%, 0, 12, 3, 60.35, 38224, 78
500, 0, 17, 87, 78, 0, 0.00%, 0, 12, 3, 52.36, 38471, 78
505, 0, 17, 87, 78, 0, 0.00%, 0, 12, 3, 54.65, 38754, 78
510, 0, 55, 87, 78, 0, 0.00%, 0, 12, 3, 58.47, 39059, 78
515, 0, 47, 87, 78, 0, 0.00%, 0, 12, 3, 59.17, 39376, 78
520, 0, 17, 87, 78, 0, 0.00%, 0, 12, 3, 48.28, 39613, 78
525, 0, 7, 87, 78, 0, 0.00%, 0, 12, 3, 52.71, 39882, 78
531, 0, 17, 87, 78, 0, 0.00%, 0, 12, 3, 53.89, 40164, 78
536, 0, 17, 87, 78, 0, 0.00%, 0, 12, 3, 49.52, 40409, 78
541, 0, 17, 87, 78, 0, 0.00%, 0, 12, 3, 52.20, 40664, 78
546, 0, 55, 87, 78, 0, 0.00%, 0, 12, 3, 61.44, 40957, 78
551, 0, 17, 87, 78, 0, 0.00%, 0, 12, 3, 58.50, 41234, 78
556, 0, 55, 87, 78, 0, 0.00%, 0, 12, 3, 63.10, 41531, 78
561, 0, 7, 87, 78, 0, 0.00%, 0, 12, 3, 62.47, 41834, 78
566, 0, 47, 87, 78, 0, 0.00%, 0, 12, 3, 58.45, 42130, 78
571, 0, 17, 87, 78, 0, 0.00%, 0, 12, 3, 54.94, 42407, 78
576, 0, 17, 87, 78, 0, 0.00%, 0, 12, 3, 53.97, 42673, 78
582, 0, 17, 87, 78, 0, 0.00%, 0, 12, 3, 51.11, 42929, 78
587, 0, 17, 87, 78, 0, 0.00%, 0, 12, 3, 55.46, 43201, 78
592, 0, 17, 87, 78, 0, 0.00%, 0, 12, 3, 57.44, 43488, 78
597, 0, 45, 87, 78, 0, 0.00%, 0, 12, 3, 59.52, 43775, 78
602, 0, 17, 87, 78, 0, 0.00%, 0, 12, 3, 59.45, 44055, 78
607, 0, 17, 87, 78, 0, 0.00%, 0, 12, 3, 52.41, 44302, 78
612, 0, 17, 87, 78, 0, 0.00%, 0, 12, 3, 55.29, 44568, 78
617, 0, 55, 87, 78, 0, 0.00%, 0, 12, 3, 51.22, 44807, 78
622, 0, 17, 87, 78, 0, 0.00%, 0, 12, 3, 52.33, 45075, 78
627, 0, 47, 87, 78, 0, 0.00%, 0, 12, 3, 42.64, 45422, 78
632, 0, 47, 87, 78, 0, 0.00%, 0, 12, 3, 61.51, 45718, 78
637, 0, 7, 87, 78, 0, 0.00%, 0, 12, 3, 59.53, 46004, 78
642, 0, 7, 88, 79, 0, 0.00%, 0, 12, 3, 71.68, 46332, 78
648, 0, 17, 88, 79, 0, 0.00%, 0, 12, 3, 56.91, 46590, 78
653, 0, 17, 88, 79, 0, 0.00%, 0, 12, 3, 51.18, 46829, 78
658, 0, 55, 88, 79, 0, 0.00%, 0, 12, 3, 65.22, 47130, 78
663, 0, 17, 88, 79, 0, 0.00%, 0, 12, 3, 55.23, 47382, 78
668, 0, 55, 88, 79, 0, 0.00%, 0, 12, 3, 67.66, 47693, 78
673, 0, 47, 88, 79, 0, 0.00%, 0, 12, 3, 42.54, 47993, 78
678, 0, 43, 89, 80, 0, 0.00%, 0, 12, 3, 50.49, 48267, 78
683, 0, 7, 89, 79, 0, 0.00%, 0, 12, 3, 58.80, 48570, 78
688, 0, 17, 89, 79, 0, 0.00%, 0, 12, 3, 58.37, 48846, 78
693, 0, 47, 89, 79, 0, 0.00%, 0, 12, 3, 59.31, 49144, 78
698, 0, 17, 89, 79, 0, 0.00%, 0, 12, 3, 51.55, 49391, 78
703, 0, 17, 89, 79, 0, 0.00%, 0, 12, 3, 54.18, 49652, 78
709, 0, 47, 89, 79, 0, 0.00%, 0, 12, 3, 42.94, 49970, 78
714, 0, 17, 89, 79, 0, 0.00%, 0, 12, 3, 47.81, 50220, 78
719, 0, 47, 89, 79, 0, 0.00%, 0, 12, 3, 57.66, 50526, 78
724, 0, 55, 89, 79, 0, 0.00%, 0, 12, 3, 59.12, 50817, 78
729, 0, 7, 89, 79, 0, 0.00%, 0, 12, 3, 58.88, 51120, 78
734, 0, 17, 89, 79, 0, 0.00%, 0, 12, 3, 49.81, 51361, 78
739, 0, 47, 89, 79, 0, 0.00%, 0, 12, 3, 42.32, 51665, 78
744, 0, 17, 89, 79, 0, 0.00%, 0, 12, 3, 50.74, 51937, 78
749, 1, 2, 89, 79, 0, 0.00%, 0, 12, 3, 56.08, 52221, 78
754, 1, 55, 89, 78, 0, 0.00%, 0, 12, 3, 57.78, 52505, 78
759, 1, 17, 89, 78, 0, 0.00%, 0, 12, 3, 54.92, 52766, 78
765, 1, 17, 89, 78, 0, 0.00%, 0, 12, 3, 54.71, 53040, 78
770, 1, 47, 90, 79, 0, 0.00%, 0, 12, 3, 81.74, 53427, 78
775, 1, 55, 90, 79, 0, 0.00%, 0, 12, 3, 62.96, 53697, 78
780, 1, 47, 90, 79, 0, 0.00%, 0, 12, 3, 43.14, 54030, 78
785, 1, 17, 90, 79, 0, 0.00%, 0, 12, 3, 47.06, 54270, 78
790, 1, 47, 90, 79, 0, 0.00%, 0, 12, 3, 59.08, 54560, 78
795, 1, 17, 91, 80, 0, 0.00%, 0, 12, 3, 63.57, 54865, 78
800, 1, 68, 93, 82, 0, 0.00%, 0, 12, 3, 82.11, 55229, 78
805, 1, 68, 93, 82, 0, 0.00%, 0, 12, 3, 72.91, 55674, 78
810, 1, 88, 98, 86, 0, 0.00%, 0, 12, 4, 241.86, 56969, 78
815, 1, 88, 100, 88, 0, 0.00%, 0, 12, 4, 321.71, 58657, 78
820, 1, 88, 100, 88, 0, 0.00%, 0, 12, 4, 382.31, 60632, 78
825, 1, 88, 102, 90, 0, 0.00%, 0, 12, 4, 347.28, 62373, 78
831, 1, 88, 102, 90, 0, 0.00%, 0, 12, 4, 352.12, 64125, 78
836, 1, 88, 102, 90, 0, 0.00%, 0, 12, 4, 338.08, 65829, 78
841, 1, 88, 102, 90, 0, 0.00%, 0, 12, 4, 341.64, 67605, 78
846, 1, 88, 102, 90, 0, 0.00%, 0, 12, 4, 44.35, 68778, 78
851, 1, 25, 102, 89, 0, 0.00%, 0, 12, 4, 57.74, 69093, 78
856, 1, 17, 102, 88, 0, 0.00%, 0, 12, 4, 55.67, 69382, 78
861, 1, 55, 102, 88, 0, 0.00%, 0, 12, 4, 52.37, 69648, 78
866, 1, 47, 103, 89, 0, 0.00%, 0, 12, 4, 0.00, 69989, 78
