4 
4 50 
4 50 99999990 
4 50 1245 99999990 
4 50 99 1245 99999990 
4 50 99 1245 99999990 
Not found
Node with value 99999990 already exists in the tree.
4 50 99 1245 99999990 
Node with value 1245 already exists in the tree.
4 50 99 1245 99999990 
Node with value 99 already exists in the tree.
4 50 99 1245 99999990 
4 50 99 1245 99999990 
4 50 99 1245 99999990 
4 50 99 1245 99999990 
4 50 99 1245 99999990 
4 50 99 1245 99999990 
4 50 99 1245 99999990 
4 50 99 1245 99999990 
4 50 99 1245 99999990 
