1 26
3 69
1 58
2 93
1 74
1 42
3 77
3 41
2 47
1 67
1 56
2 55
2 10
3 99
1 22
3 60
1 13 57
2 59
3 31
3 66
2
3 12
2 6
3 69
1 58
2 93
1 74
1 39
2 6
2 81
1 51
3 15
3 94
1 14
1 8
2 48
3 97
3 24
1 61
1 92
3 23
3 18
2 89
2 83
2 77
2 85
2 13
2 95
1 27
3 43
1 19
1 73
3 56
2 16
3 45
1 99
1 29
3 33
1 1
2 86
1 40
1 98
3 57
2 59
3 31
35
2 13
2 95
1 27
3 43
1 19
1 71 42
3 7777772
1 98
3 57
2 59
3 29
1 33
1 63
77777777777777
3 41
2 47
1 67
1 56
2 55
2  46
2 29
1 33
1 63
3 12
2 39
2 6
2 81
1 51
3 15
3 94
1 14
1 8
1 9
3 52
2 21
1 2
2 1 92
3 23
3 18
2 