# relative_time, cycles_done, cur_item, corpus_count, pending_total, pending_favs, map_size, saved_crashes, saved_hangs, max_depth, execs_per_sec, total_execs, edges_found
61, 0, 72, 106, 87, 0, 0.00%, 0, 0, 4, 521.21, 30722, 90
66, 0, 98, 106, 87, 0, 0.00%, 0, 0, 4, 512.91, 33300, 90
71, 0, 72, 107, 87, 0, 0.00%, 0, 0, 4, 514.03, 35894, 90
77, 0, 10, 107, 87, 0, 0.00%, 0, 0, 4, 504.37, 38487, 90
82, 0, 73, 107, 87, 0, 0.00%, 0, 0, 4, 523.85, 41112, 90
87, 0, 98, 108, 87, 0, 0.00%, 0, 0, 4, 508.55, 43697, 91
92, 1, 26, 108, 86, 0, 0.00%, 0, 0, 4, 510.14, 46356, 91
97, 1, 0, 109, 86, 0, 0.00%, 0, 0, 4, 502.49, 48917, 91
102, 1, 34, 109, 84, 0, 0.00%, 0, 0, 4, 512.91, 51512, 91
107, 1, 52, 109, 84, 0, 0.00%, 0, 0, 4, 515.39, 54164, 91
112, 1, 72, 109, 84, 0, 0.00%, 0, 0, 4, 523.08, 56907, 91
117, 1, 98, 109, 83, 0, 0.00%, 0, 0, 4, 504.19, 59407, 91
122, 1, 73, 109, 82, 0, 0.00%, 0, 0, 4, 508.59, 62019, 91
128, 1, 95, 109, 82, 0, 0.00%, 0, 0, 4, 506.69, 64714, 91
133, 1, 83, 109, 80, 0, 0.00%, 0, 0, 4, 505.60, 67322, 91
138, 1, 21, 109, 78, 0, 0.00%, 0, 0, 4, 508.08, 69957, 91
143, 1, 98, 109, 77, 0, 0.00%, 0, 0, 4, 509.47, 72617, 91
148, 2, 70, 109, 76, 0, 0.00%, 0, 0, 4, 506.74, 75193, 91
150, 2, 70, 109, 76, 0, 0.00%, 0, 0, 4, 521.42, 75909, 91
